,Velocity,LanePos,SpeedLimit,Steer,Accel,Brake,LongAccel,HeadwayTime,HeadwayDist
0,0.004,-0.088,11.111,10.9,0.0,0.7759999999999999,0.006999999999999999,-,-
1,0.001,-0.088,11.111,11.0,0.0,1.0,-0.001,-,-
2,0.0,-0.088,11.111,11.0,0.0,1.0,0.0,-,-
3,0.0,-0.088,11.111,11.0,0.0,0.991,0.0,-,-
4,0.0,-0.088,11.111,11.0,0.0,0.9790000000000001,0.0,-,-
5,0.0,-0.088,11.111,11.0,0.0,0.97,0.0,-,-
6,0.0,-0.088,11.111,11.0,0.0,0.955,0.0,-,-
7,0.0,-0.088,11.111,11.0,0.0,0.955,0.0,-,-
8,0.0,-0.088,11.111,11.0,0.0,0.958,0.0,-,-
9,0.0,-0.088,11.111,11.0,0.0,0.89,0.0,-,-
10,0.0,-0.088,11.111,11.0,0.0,0.7909999999999999,0.0,-,-
11,0.0,-0.088,11.111,11.0,0.0,0.9490000000000001,0.0,-,-
12,0.0,-0.088,11.111,11.0,0.0,0.9279999999999999,0.0,-,-
13,0.0,-0.088,11.111,11.0,0.0,0.0,0.0,-,-
14,0.174,-0.087,11.111,8.6,0.18899999999999997,0.0,0.659,-,-
15,3.321,-0.064,11.111,12.4,0.247,0.0,3.427,-,-
16,6.365,0.037,11.111,-5.3,0.289,0.0,2.609,-,-
17,8.825,0.184,11.111,3.3,0.3,0.0,2.653,-,-
18,10.585,0.425,11.111,-6.2,0.305,0.0,1.459,-,-
19,11.946,0.558,11.111,-1.9,0.303,0.0,1.296,-,-
20,13.216,0.604,11.111,-4.5,0.31,0.0,1.252,-,-
21,14.45,0.515,11.111,1.9,0.314,0.0,1.224,-,-
22,15.652000000000001,0.438,11.111,2.4,0.312,0.0,1.187,-,-
23,16.829,0.49,11.111,-1.9,0.317,0.0,1.166,-,-
24,17.97,0.526,11.111,0.8,0.317,0.0,1.115,11.43,205.393
25,19.088,0.644,11.111,-3.2,0.317,0.0,1.2109999999999999,10.768,205.537
26,19.834,0.617,11.111,0.0,0.32299999999999995,0.0,0.635,10.416,206.583
27,20.454,0.557,11.111,0.6,0.32299999999999995,0.0,0.612,10.164,207.895
28,21.06,0.5,11.111,0.1,0.325,0.0,0.6,9.93,209.114
29,21.653000000000002,0.475,11.111,-0.2,0.32299999999999995,0.0,0.5870000000000001,9.703,210.094
30,22.236,0.441,11.111,0.5,0.332,0.0,0.593,9.467,210.503
31,22.83,0.482,11.111,2.8,0.33899999999999997,0.0,0.5920000000000001,9.213,210.324
32,23.418000000000003,0.664,11.111,-4.8,0.344,0.0,0.584,8.948,209.553
33,23.994,0.695,11.111,-1.3,0.34,0.0,0.5720000000000001,8.677,208.2
34,24.559,0.613,11.111,1.9,0.332,0.0,0.555,8.399,206.276
35,24.391,0.557,11.111,0.2,0.0,0.0,-0.674,8.364,204.02
36,23.835,0.518,11.111,-0.3,0.138,0.0,-0.212,8.488,202.303
37,23.862,0.476,11.111,1.1,0.222,0.0,0.109,8.416,200.834
38,23.955,0.495,11.111,0.3,0.21899999999999997,0.0,0.107,8.319,199.282
39,24.055999999999997,0.534,11.111,0.1,0.22,0.0,0.09699999999999999,8.215,197.629
40,24.15,0.575,11.111,-1.2,0.22,0.0,0.091,8.111,195.878
41,24.237,0.535,11.111,-0.5,0.201,0.0,0.054000000000000006,8.006,194.037
42,24.226,0.378,11.111,-1.9,0.196,0.0,-0.03,7.932,192.154
43,24.263,0.129,11.111,5.6,0.226,0.0,0.105,7.842,190.281
44,24.369,0.154,11.111,2.4,0.23800000000000002,0.0,0.107,7.728,188.315
45,24.517,0.428,11.111,-1.3,0.263,0.0,0.156,7.596,186.23
46,24.663,0.654,11.111,-3.3,0.257,0.0,0.141,7.46,183.994
