,Velocity,LanePos,SpeedLimit,Steer,Accel,Brake,LongAccel,HeadwayTime,HeadwayDist
94,9.868,0.409,11.111,1.8,0.0,0.0,-0.498,4.005,39.516
95,9.532,0.438,11.111,-0.3,0.146,0.0,0.331,-,-
96,10.515999999999998,0.473,11.111,0.2,0.321,0.0,1.473,-,-
97,12.054,0.524,11.111,1.1,0.374,0.0,1.48,-,-
98,13.494000000000002,0.606,11.111,-0.8,0.42200000000000004,0.0,1.4380000000000002,-,-
99,14.921,-0.015,24.444,-0.3,0.44799999999999995,0.0,1.431,-,-
100,16.36,0.062,24.444,0.2,0.439,0.0,1.435,-,-
101,17.768,0.231,24.444,-3.7,0.43200000000000005,0.0,1.385,-,-
102,19.13,0.422,24.444,-9.8,0.43,0.0,1.345,-,-
103,20.441,0.475,24.444,-11.4,0.42200000000000004,0.0,1.2890000000000001,-,-
104,21.718000000000004,0.499,24.444,-17.2,0.376,0.0,1.195,-,-
105,22.474,0.469,24.444,-20.1,0.392,0.0,0.6940000000000001,-,-
106,23.122,0.279,24.444,-18.6,0.369,0.0,0.6579999999999999,-,-
107,23.705,0.247,24.444,-23.2,0.374,0.0,0.589,-,-
108,24.141,0.226,24.444,-25.1,0.065,0.0,-0.27,-,-
109,23.844,-0.021,24.444,-11.5,0.28,0.0,0.2,-,-
110,24.134,0.23,24.444,-24.5,0.406,0.0,0.341,-,-
111,24.429000000000002,0.308,24.444,-24.7,0.414,0.0,0.342,-,-
112,24.729,0.045,24.444,-20.0,0.423,0.0,0.349,-,-
113,25.039,-0.174,24.444,-19.3,0.41600000000000004,0.0,0.32899999999999996,-,-
114,25.314,-0.037,24.444,-26.0,0.41100000000000003,0.0,0.302,-,-
115,25.551,-0.07,24.444,-20.5,0.409,0.0,0.289,-,-
116,25.773000000000003,-0.211,24.444,-19.2,0.40399999999999997,0.0,0.237,-,-
117,25.974,-0.215,24.444,-13.8,0.40399999999999997,0.0,0.24,-,-
118,26.006999999999998,-0.336,24.444,-9.1,0.081,0.0,-0.344,-,-
119,25.268,-0.357,24.444,-3.2,0.0,0.0,-0.748,-,-
120,24.53,-0.354,24.444,-1.8,0.0,0.0,-0.7290000000000001,-,-
121,23.826999999999998,0.402,11.111,-3.2,0.0,0.0,-0.67,6.885,164.056
122,23.164,0.358,11.111,1.4,0.0,0.0,-0.6559999999999999,6.503,150.633
123,22.513,0.168,11.111,-5.5,0.0,0.0,-0.6459999999999999,6.124,137.867
124,21.872,-0.288,11.111,3.2,0.0,0.0,-0.633,5.749,125.751
125,21.243000000000002,-0.684,11.111,1.7,0.0,0.0,-0.623,5.379,114.266
126,20.62,-0.74,11.111,1.9,0.0,0.0,-0.613,5.015,103.408
127,20.012,-0.35,11.111,-3.2,0.0,0.0,-0.604,4.537,90.785
128,19.412,-0.187,11.111,-1.2,0.0,0.0,-0.594,4.301,83.496
129,18.819000000000003,-0.168,11.111,1.7,0.0,0.024,-0.6729999999999999,3.958,74.482
130,17.234,-0.091,11.111,-1.4,0.0,0.14300000000000002,-2.261,3.72,64.107
131,14.81,0.01,11.111,-3.2,0.0,0.146,-2.3680000000000003,4.086,60.516
132,12.970999999999998,-0.064,11.111,4.6,0.0,0.0,-0.515,4.385,56.875
133,13.073,-0.073,11.111,0.4,0.182,0.0,0.546,4.133,54.031
134,13.485,0.018,11.111,-5.0,0.159,0.0,0.342,3.768,50.81
135,13.790999999999999,-0.004,11.111,2.2,0.153,0.0,0.285,3.425,47.238
136,14.069,0.028,11.111,2.2,0.152,0.0,0.271,3.083,43.378
137,14.267999999999999,0.113,11.111,-5.9,0.127,0.0,0.127,2.752,39.264
138,14.359000000000002,0.044,11.111,3.5,0.026000000000000002,0.0,-0.071,2.438,35.012
139,13.806,0.046,11.111,2.1,0.0,0.03,-0.637,2.245,30.994
140,12.328,0.156,11.111,-5.9,0.0,0.081,-1.5659999999999998,2.267,27.947
