,Velocity,LanePos,SpeedLimit,Steer,Accel,Brake,LongAccel,HeadwayTime,HeadwayDist
188,11.234000000000002,0.981,11.111,7.2,0.39,0.0,1.585,1.796,20.177
189,12.198,0.266,11.111,12.0,0.0,0.0,-0.478,1.505,18.353
190,11.467,0.149,11.111,4.2,0.0,0.057,-1.202,1.44,16.517
191,10.404000000000002,0.063,11.111,1.5,0.0,0.0,-0.505,1.508,15.693
192,9.902000000000001,0.058,11.111,-1.6,0.0,0.0,-0.499,1.339,13.256
193,9.509,0.076,11.111,-0.9,0.034,0.0,-0.285,1.681,15.988
194,9.748,0.059,11.111,0.3,0.14300000000000002,0.0,0.508,1.693,16.507
195,10.253,0.048,11.111,0.5,0.14800000000000002,0.0,0.498,1.617,16.577
196,10.616,0.059,11.111,1.3,0.0,0.0,-0.511,1.522,16.161
197,10.083,0.093,11.111,-2.8,0.0,0.036000000000000004,-0.821,1.574,15.874
198,9.2,0.085,11.111,0.1,0.0,0.0,-0.489,1.779,16.368
199,8.79,0.064,11.111,-0.3,0.138,0.0,0.18,1.988,17.476
200,9.207,0.036,11.111,-0.1,0.111,0.0,0.38299999999999995,2.013,18.534
201,9.578,0.002,11.111,1.3,0.12,0.0,0.37200000000000005,2.006,19.212
202,9.937000000000001,-0.002,11.111,1.7,0.113,0.0,0.33799999999999997,1.965,19.522
203,9.762,0.036,11.111,-1.4,0.0,0.0,-0.496,2.013,19.653
204,9.269,0.043,11.111,-3.2,0.0,0.0,-0.49,2.18,20.208
205,8.782,0.012,11.111,4.2,0.0,0.0,-0.484,2.42,21.254
206,8.302,0.059,11.111,0.4,0.0,0.0,-0.478,2.744,22.783
207,7.827000000000001,0.116,11.111,-0.4,0.0,0.0,-0.47100000000000003,3.167,24.79
208,7.358,0.148,11.111,-4.6,0.0,0.0,-0.46799999999999997,3.706,27.269
209,6.891,0.094,11.111,1.3,0.0,0.0,-0.466,4.385,30.215
210,6.426,0.051,11.111,4.0,0.0,0.0,-0.46399999999999997,5.233,33.627
211,5.962999999999999,0.064,11.111,0.1,0.0,0.0,-0.462,6.289,37.504
212,6.682,0.081,11.111,3.0,0.261,0.0,1.807,6.216,41.53
213,8.658999999999999,0.133,11.111,1.1,0.469,0.0,1.9680000000000002,5.074,43.937
214,10.552,0.234,11.111,-5.5,0.541,0.0,1.8159999999999998,4.207,44.39
215,12.125,0.26,11.111,-1.1,0.254,0.0,1.075,3.551,43.059
216,13.194,0.216,11.111,0.0,0.25,0.0,1.032,2.888,38.105
217,13.354000000000001,0.207,11.111,-0.5,0.0,0.0,-0.542,2.777,37.079
218,13.057,0.158,11.111,-7.5,0.795,0.0,1.4080000000000001,2.608,34.05
219,14.607000000000001,-0.172,11.111,-18.4,1.0,0.0,1.618,2.075,30.311
220,16.23,-1.151,11.111,3.3,0.988,0.0,1.621,1.54,24.996
221,17.842,-,-,10.4,0.9470000000000001,0.0,1.6030000000000002,-,-
222,19.432000000000002,-,-,7.6,0.9209999999999999,0.0,1.581,-,-
223,20.998,-,-,4.5,0.919,0.0,1.55,-,-
224,22.528000000000002,-,-,-0.9,0.919,0.0,1.514,-,-
225,24.02,-,-,-2.1,0.9209999999999999,0.0,1.474,-,-
226,25.47,-,-,1.0,0.917,0.0,1.421,-,-
227,26.569000000000003,-,-,1.0,0.919,0.0,0.778,-,-
228,27.314,-,-,-0.1,0.9209999999999999,0.0,0.732,-,-
229,28.038,-,-,-6.8,0.919,0.0,0.718,-,-
230,28.747,-,-,5.9,0.917,0.0,0.7090000000000001,-,-
231,29.444000000000003,-,-,8.9,0.9209999999999999,0.0,0.6940000000000001,-,-
232,30.123,-,-,6.8,0.919,0.0,0.677,-,-
233,30.794,-0.682,11.111,-4.3,0.919,0.0,0.669,-,-
234,31.454,0.564,11.111,-7.8,0.919,0.0,0.655,-,-
