,Velocity,LanePos,SpeedLimit,Steer,Accel,Brake,LongAccel,HeadwayTime,HeadwayDist
141,11.463,0.069,11.111,-1.1,0.0,0.0,-0.52,2.287,26.217
142,10.946,-0.054,11.111,6.5,0.0,0.0,-0.514,2.292,25.084
143,11.177,-0.009,11.111,-1.0,0.14300000000000002,0.0,0.40399999999999997,2.162,24.162
144,11.248,0.036,11.111,-2.2,0.0,0.0,-0.516,2.038,22.921
145,10.734000000000002,0.021,11.111,-2.2,0.0,0.0,-0.51,2.05,22.002
146,10.228,-0.047,11.111,2.3,0.0,0.0,-0.503,2.111,21.592
147,9.729,-0.059,11.111,1.7,0.0,0.0,-0.496,2.229,21.685
148,9.236,-0.007,11.111,-2.4,0.0,0.0,-0.489,2.412,22.274
149,8.75,0.029,11.111,-0.1,0.0,0.0,-0.483,2.669,23.352
150,8.27,0.054,11.111,-0.8,0.0,0.0,-0.47700000000000004,3.013,24.914
151,7.796,0.06,11.111,5.3,0.005,0.0,-0.47100000000000003,3.457,26.952
152,8.17,0.17,11.111,1.4,0.157,0.0,0.7020000000000001,3.568,29.149
153,9.142000000000001,0.272,11.111,-17.5,0.22899999999999998,0.0,1.345,3.35,30.627
154,10.343,0.171,11.111,4.8,0.213,0.0,1.091,2.991,30.936
155,11.359000000000002,0.153,11.111,-1.7,0.212,0.0,0.956,2.654,30.145
156,12.258,0.061,11.111,0.4,0.182,0.0,0.745,2.316,28.394
157,12.427,-0.026,11.111,5.4,0.0,0.0,-0.574,2.093,26.008
158,11.895999999999999,0.057,11.111,-6.0,0.0,0.0,-0.527,2.011,23.918
159,11.128,0.028,11.111,-0.4,0.0,0.0,-0.514,2.024,22.519
160,10.617,-0.047,11.111,1.5,0.0,0.0,-0.508,2.046,21.718
161,10.112,-0.073,11.111,1.3,0.0,0.0,-0.501,2.119,21.425
162,9.613999999999999,-0.06,11.111,-0.3,0.0,0.0,-0.495,2.202,21.174
163,9.123,-0.023,11.111,0.9,0.0,0.0,-0.488,2.228,20.33
164,8.639,0.041,11.111,0.4,0.0,0.0,-0.48200000000000004,2.368,20.457
165,8.16,0.106,11.111,-8.2,0.0,0.0,-0.47700000000000004,2.619,21.368
166,8.32,-0.041,11.111,-5.0,0.182,0.0,0.871,2.802,23.312
167,9.479,-0.385,11.111,-13.8,0.233,0.0,1.3219999999999998,2.66,25.211
168,10.55,-0.972,11.111,-16.6,0.125,0.0,0.56,2.504,26.414
169,10.181000000000001,-1.362,11.111,17.8,0.0,0.0,-0.505,2.462,25.068
170,9.68,-0.762,11.111,13.1,0.0,0.0,-0.498,3.631,35.145
171,8.775,-0.091,11.111,4.7,0.0,0.215,-3.1639999999999997,2.94,25.795
172,5.636,0.355,11.111,-0.8,0.0,0.221,-3.2310000000000003,2.874,16.195
173,2.373,0.419,11.111,-3.0,0.0,0.221,-3.125,6.135,14.559
174,0.27899999999999997,0.413,11.111,-8.4,0.0,0.0,0.228,48.449,13.54
175,0.42200000000000004,0.41,11.111,-8.4,0.0,0.0,0.1,31.277,13.183
176,0.488,0.405,11.111,-9.8,0.0,0.0,0.042,26.093,12.724
177,0.518,0.398,11.111,-9.7,0.0,0.0,0.026000000000000002,23.582,12.22
178,0.541,0.39,11.111,-6.7,0.0,0.0,0.021,21.828,11.818
179,1.494,0.381,11.111,-2.0,0.157,0.0,3.18,8.571,12.802
180,5.257999999999999,0.337,11.111,-0.3,0.317,0.0,3.205,2.491,13.098
181,7.763,0.26,11.111,4.0,0.095,0.0,1.304,1.575,12.228
182,7.412999999999999,0.207,11.111,-33.7,0.0,0.0,-0.478,1.349,10.002
183,8.106,0.614,11.111,-116.2,0.217,0.0,1.344,1.693,13.724
184,8.952,1.413,11.111,-123.3,0.11800000000000001,0.0,0.27699999999999997,1.663,14.885
185,9.033,1.706,11.111,-238.5,0.081,0.0,-0.366,1.903,17.192
186,8.523,1.458,11.111,-44.2,0.0,0.0,-0.499,2.264,19.295
187,9.603,1.699,11.111,-35.9,0.33899999999999997,0.0,1.6680000000000001,2.135,20.504
