,Velocity,LanePos,SpeedLimit,Steer,Accel,Brake,LongAccel,HeadwayTime,HeadwayDist
47,24.186,0.673,11.111,1.7,0.0,0.0,-0.677,7.519,181.847
48,23.518,0.695,11.111,1.8,0.0,0.0,-0.6629999999999999,7.669,180.349
49,22.861,0.843,11.111,-4.2,0.0,0.0,-0.6509999999999999,7.852,179.514
50,22.215,0.802,11.111,1.3,0.0,0.0,-0.64,8.027,178.327
51,21.58,0.637,11.111,1.1,0.0,0.0,-0.629,8.061,173.95
52,20.956,0.621,11.111,1.6,0.0,0.0,-0.619,7.933,166.247
53,20.38,0.622,11.111,-4.1,0.474,0.0,0.051,7.711,157.152
54,20.846999999999998,0.433,11.111,3.7,0.228,0.0,0.373,-,-
55,20.784000000000002,0.438,11.111,-0.1,0.0,0.0,-0.601,-,-
56,19.188,0.407,11.111,-4.6,0.0,0.319,-4.449,-,-
57,17.149,0.1,11.111,7.7,0.0,0.054000000000000006,-1.188,-,-
58,14.96,0.1,11.111,-9.1,0.0,0.188,-2.8369999999999997,-,-
59,12.062999999999999,-0.221,11.111,-33.5,0.0,0.16699999999999998,-2.7910000000000004,-,-
60,11.362,-1.465,11.111,9.9,0.0,0.0,-0.521,4.929,56.003
61,12.003,-,-,29.3,0.305,0.0,1.127,-,-
62,13.077,-1.219,11.111,2.7,0.273,0.0,1.064,-,-
63,14.284,-0.076,11.111,-1.9,0.29600000000000004,0.0,1.148,-,-
64,14.616,0.49,11.111,-3.0,0.0,0.0,-0.5579999999999999,-,-
65,10.649000000000001,0.347,11.111,-136.9,0.0,0.39399999999999996,-5.313,-,-
66,9.115,0.567,11.111,-90.0,0.287,0.0,1.249,-,-
67,10.571,0.932,11.111,-136.6,0.354,0.0,1.347,-,-
68,11.847999999999999,-0.703,11.111,-142.6,0.36700000000000005,0.0,1.187,4.206,49.837
69,13.14,0.893,11.111,-5.9,0.365,0.0,1.3869999999999998,3.499,45.977
70,14.491,0.891,11.111,-24.6,0.35100000000000003,0.0,1.3259999999999998,3.126,45.303
71,15.788,0.053,11.111,13.6,0.32299999999999995,0.0,1.21,2.596,40.987
72,16.972,-0.447,11.111,8.7,0.317,0.0,1.156,2.087,35.414
73,18.095,-0.603,11.111,1.2,0.312,0.0,1.097,1.585,28.679
74,17.779,-0.645,11.111,-26.7,0.0,0.17600000000000002,-2.5340000000000003,1.195,21.251
75,16.08,1.573,11.111,9.0,0.332,0.0,0.7290000000000001,0.82,13.184
76,17.02,-0.377,11.111,26.4,0.326,0.0,1.151,7.17,122.042
77,18.163,-0.898,11.111,7.6,0.314,0.0,1.0979999999999999,6.423,116.654
78,19.09,-0.605,11.111,1.7,0.307,0.0,0.647,5.771,110.176
79,19.660999999999998,-0.307,11.111,-3.8,0.289,0.0,0.541,5.238,102.989
80,20.19,-0.193,11.111,-2.1,0.28600000000000003,0.0,0.518,4.718,95.257
81,20.697,-0.172,11.111,4.0,0.28,0.0,0.49,4.204,87.007
82,21.148000000000003,0.129,11.111,2.4,0.013999999999999999,0.0,-0.034,3.701,78.264
83,20.55,0.682,11.111,-8.3,0.0,0.0,-0.612,3.387,69.611
84,19.934,0.804,11.111,-0.5,0.0,0.0,-0.602,3.089,61.567
85,19.065,0.424,11.111,4.9,0.0,0.122,-2.146,2.841,54.157
86,17.762999999999998,0.409,11.111,5.8,0.0,0.0,-0.563,2.704,48.031
87,17.595,0.978,11.111,-6.4,0.0,0.0,-0.536,2.419,42.555
88,15.706,1.447,11.111,-6.2,0.0,0.11599999999999999,-1.994,2.419,37.997
89,13.703,1.229,11.111,1.8,0.0,0.122,-2.025,2.489,34.108
90,12.139000000000001,0.919,11.111,-1.0,0.0,0.015,-0.73,2.873,34.869
91,11.603,0.662,11.111,2.9,0.0,0.0,-0.522,3.034,35.201
92,11.084000000000001,0.499,11.111,1.7,0.0,0.0,-0.515,3.253,36.054
93,10.427999999999999,0.43,11.111,1.9,0.0,0.042,-1.034,3.591,37.441
